#-----------+
#  TRI TAS  |
#-----------+
#
#+--------+-----------------------------+
#|        |           ordonne           |
#| Taille | Opérations     Comparaisons |
#+ -------+--------------+--------------+
       1              0               0  
       2              0               1  
       3              0               3  
       4              0               7  
       5              0              12  
       6              0              16  
       7              0              21  
       8              0              27  
       9              0              35  
      10              0              41  
      11              0              49  
      12              0              55  
      13              0              63  
      14              0              69  
      15              0              77  
      16              0              85  
      17              0              95  
      18              0             103  
      19              0             113  
      20              0             121  
      21              0             131  
      22              0             139  
      23              0             149  
      24              0             157  
      25              0             167  
      26              0             175  
      27              0             185  
      28              0             193  
      29              0             203  
      30              0             211  
      31              0             221  
      32              0             231  
      33              0             243  
      34              0             254  
      35              0             266  
      36              0             276  
      37              0             288  
      38              0             299  
      39              0             311  
      40              0             321  
      41              0             333  
      42              0             344  
      43              0             356  
      44              0             366  
      45              0             378  
      46              0             389  
      47              0             401  
      48              0             411  
      49              0             423  
      50              0             434  
      51              0             446  
      52              0             456  
      53              0             468  
      54              0             479  
      55              0             491  
      56              0             501  
      57              0             513  
      58              0             524  
      59              0             536  
      60              0             546  
      61              0             558  
      62              0             569  
      63              0             581  
      64              0             593  
      65              0             607  
      66              0             620  
      67              0             635  
      68              0             649  
      69              0             663  
      70              0             674  
      71              0             689  
      72              0             701  
      73              0             717  
      74              0             730  
      75              0             743  
      76              0             756  
      77              0             770  
      78              0             782  
      79              0             797  
      80              0             809  
      81              0             823  
      82              0             836  
      83              0             851  
      84              0             865  
      85              0             879  
      86              0             890  
      87              0             905  
      88              0             915  
      89              0             928  
      90              0             946  
      91              0             959  
      92              0             972  
      93              0             986  
      94              0             998  
      95              0            1013  
      96              0            1026  
      97              0            1041  
      98              0            1052  
      99              0            1067  
     100              0            1081  
     101              0            1095  
     102              0            1106  
     103              0            1121  
     104              0            1134  
     105              0            1149  
     106              0            1162  
     107              0            1175  
     108              0            1188  
     109              0            1202  
     110              0            1214  
     111              0            1229  
     112              0            1244  
     113              0            1257  
     114              0            1268  
     115              0            1283  
     116              0            1297  
     117              0            1311  
     118              0            1322  
     119              0            1337  
     120              0            1350  
     121              0            1363  
     122              0            1378  
     123              0            1391  
     124              0            1404  
     125              0            1418  
     126              0            1430  
     127              0            1445  
     128              0            1459  
     129              0            1477  
     130              0            1490  
     131              0            1507  
     132              0            1521  
     133              0            1537  
     134              0            1552  
     135              0            1569  
     136              0            1585  
     137              0            1601  
     138              0            1614  
     139              0            1632  
     140              0            1645  
     141              0            1662  
     142              0            1676  
     143              0            1693  
     144              0            1709  
     145              0            1725  
     146              0            1738  
     147              0            1755  
     148              0            1771  
     149              0            1785  
     150              0            1802  
     151              0            1817  
     152              0            1830  
     153              0            1846  
     154              0            1864  
     155              0            1882  
     156              0            1893  
     157              0            1912  
     158              0            1924  
     159              0            1941  
     160              0            1956  
     161              0            1971  
     162              0            1989  
     163              0            2003  
     164              0            2018  
     165              0            2033  
     166              0            2048  
     167              0            2069  
     168              0            2081  
     169              0            2098  
     170              0            2113  
     171              0            2130  
     172              0            2145  
     173              0            2160  
     174              0            2175  
     175              0            2191  
     176              0            2205  
     177              0            2221  
     178              0            2237  
     179              0            2253  
     180              0            2268  
     181              0            2283  
     182              0            2299  
     183              0            2316  
     184              0            2330  
     185              0            2345  
     186              0            2361  
     187              0            2378  
     188              0            2392  
     189              0            2408  
     190              0            2423  
     191              0            2440  
     192              0            2453  
     193              0            2470  
     194              0            2489  
     195              0            2501  
     196              0            2516  
     197              0            2532  
     198              0            2547  
     199              0            2568  
     200              0            2587  
     201              0            2598  
     202              0            2611  
     203              0            2631  
     204              0            2642  
     205              0            2661  
     206              0            2675  
     207              0            2693  
     208              0            2711  
     209              0            2727  
     210              0            2741  
     211              0            2755  
     212              0            2771  
     213              0            2785  
     214              0            2802  
     215              0            2819  
     216              0            2829  
     217              0            2845  
     218              0            2864  
     219              0            2884  
     220              0            2895  
     221              0            2914  
     222              0            2924  
     223              0            2943  
     224              0            2956  
     225              0            2973  
     226              0            2991  
     227              0            3006  
     228              0            3020  
     229              0            3035  
     230              0            3048  
     231              0            3071  
     232              0            3082  
     233              0            3100  
     234              0            3113  
     235              0            3132  
     236              0            3147  
     237              0            3162  
     238              0            3177  
     239              0            3193  
     240              0            3207  
     241              0            3223  
     242              0            3239  
     243              0            3255  
     244              0            3270  
     245              0            3285  
     246              0            3301  
     247              0            3318  
     248              0            3331  
     249              0            3347  
     250              0            3363  
     251              0            3380  
     252              0            3394  
     253              0            3410  
     254              0            3425  
     255              0            3442  
     256              0            3452  
     257              0            3469  
     258              0            3489  
     259              0            3511  
     260              0            3529  
     261              0            3543  
     262              0            3563  
     263              0            3582  
     264              0            3594  
     265              0            3612  
     266              0            3630  
     267              0            3652  
     268              0            3668  
     269              0            3687  
     270              0            3703  
     271              0            3720  
     272              0            3732  
     273              0            3753  
     274              0            3770  
     275              0            3788  
     276              0            3807  
     277              0            3825  
     278              0            3842  
     279              0            3860  
     280              0            3873  
     281              0            3896  
     282              0            3915  
     283              0            3935  
     284              0            3947  
     285              0            3970  
     286              0            3982  
     287              0            4003  
     288              0            4016  
     289              0            4030  
     290              0            4059  
     291              0            4070  
     292              0            4094  
     293              0            4110  
     294              0            4125  
     295              0            4141  
     296              0            4155  
     297              0            4174  
     298              0            4191  
     299              0            4211  
     300              0            4232  
     301              0            4252  
     302              0            4263  
     303              0            4284  
     304              0            4293  
     305              0            4310  
     306              0            4336  
     307              0            4353  
     308              0            4373  
     309              0            4391  
     310              0            4406  
     311              0            4426  
     312              0            4437  
     313              0            4459  
     314              0            4476  
     315              0            4494  
     316              0            4514  
     317              0            4534  
     318              0            4548  
     319              0            4570  
     320              0            4578  
     321              0            4596  
     322              0            4618  
     323              0            4636  
     324              0            4655  
     325              0            4671  
     326              0            4691  
     327              0            4708  
     328              0            4719  
     329              0            4739  
     330              0            4754  
     331              0            4774  
     332              0            4794  
     333              0            4810  
     334              0            4830  
     335              0            4850  
     336              0            4860  
     337              0            4877  
     338              0            4901  
     339              0            4916  
     340              0            4939  
     341              0            4955  
     342              0            4972  
     343              0            4991  
     344              0            5002  
     345              0            5021  
     346              0            5045  
     347              0            5058  
     348              0            5076  
     349              0            5096  
     350              0            5112  
     351              0            5131  
     352              0            5140  
     353              0            5155  
     354              0            5183  
     355              0            5195  
     356              0            5220  
     357              0            5236  
     358              0            5253  
     359              0            5273  
     360              0            5280  
     361              0            5299  
     362              0            5319  
     363              0            5339  
     364              0            5357  
     365              0            5373  
     366              0            5395  
     367              0            5412  
     368              0            5419  
     369              0            5440  
     370              0            5464  
     371              0            5481  
     372              0            5497  
     373              0            5517  
     374              0            5531  
     375              0            5552  
     376              0            5564  
     377              0            5584  
     378              0            5603  
     379              0            5621  
     380              0            5639  
     381              0            5657  
     382              0            5674  
     383              0            5695  
     384              0            5704  
     385              0            5723  
     386              0            5741  
     387              0            5758  
     388              0            5778  
     389              0            5793  
     390              0            5812  
     391              0            5832  
     392              0            5849  
     393              0            5866  
     394              0            5882  
     395              0            5902  
     396              0            5917  
     397              0            5941  
     398              0            5954  
     399              0            5972  
     400              0            5984  
     401              0            6007  
     402              0            6021  
     403              0            6039  
     404              0            6059  
     405              0            6076  
     406              0            6094  
     407              0            6112  
     408              0            6128  
     409              0            6148  
     410              0            6169  
     411              0            6180  
     412              0            6200  
     413              0            6220  
     414              0            6232  
     415              0            6259  
     416              0            6270  
     417              0            6283  
     418              0            6309  
     419              0            6328  
     420              0            6344  
     421              0            6359  
     422              0            6379  
     423              0            6396  
     424              0            6410  
     425              0            6425  
     426              0            6447  
     427              0            6463  
     428              0            6485  
     429              0            6505  
     430              0            6518  
     431              0            6535  
     432              0            6550  
     433              0            6565  
     434              0            6589  
     435              0            6607  
     436              0            6628  
     437              0            6643  
     438              0            6657  
     439              0            6681  
     440              0            6692  
     441              0            6713  
     442              0            6728  
     443              0            6746  
     444              0            6767  
     445              0            6788  
     446              0            6803  
     447              0            6821  
     448              0            6833  
     449              0            6853  
     450              0            6874  
     451              0            6890  
     452              0            6907  
     453              0            6923  
     454              0            6943  
     455              0            6958  
     456              0            6977  
     457              0            6999  
     458              0            7008  
     459              0            7032  
     460              0            7045  
     461              0            7066  
     462              0            7082  
     463              0            7100  
     464              0            7117  
     465              0            7133  
     466              0            7154  
     467              0            7170  
     468              0            7192  
     469              0            7209  
     470              0            7222  
     471              0            7239  
     472              0            7258  
     473              0            7275  
     474              0            7296  
     475              0            7314  
     476              0            7331  
     477              0            7348  
     478              0            7362  
     479              0            7387  
     480              0            7400  
     481              0            7415  
     482              0            7439  
     483              0            7457  
     484              0            7476  
     485              0            7490  
     486              0            7509  
     487              0            7526  
     488              0            7543  
     489              0            7562  
     490              0            7577  
     491              0            7600  
     492              0            7613  
     493              0            7631  
     494              0            7650  
     495              0            7669  
     496              0            7683  
     497              0            7702  
     498              0            7719  
     499              0            7741  
     500              0            7756  
     501              0            7771  
     502              0            7791  
     503              0            7805  
     504              0            7825  
     505              0            7846  
     506              0            7860  
     507              0            7882  
     508              0            7896  
     509              0            7914  
     510              0            7929  
     511              0            7949  
     512              0            7958  
#+ -------+--------------+--------------+--------------+--------------+--------------+--------------+
