#--------------+
#  TRI RAPIDE  |
#--------------+
#
#+--------+-----------------------------+
#|        |           inverse           |
#| Taille | Opérations     Comparaisons |
#+ -------+--------------+--------------+
       1              0               0  
       2              0               1  
       3              0               4  
       4              0               7  
       5              0              12  
       6              0              17  
       7              0              24  
       8              0              31  
       9              0              40  
      10              0              49  
      11              0              60  
      12              0              71  
      13              0              84  
      14              0              97  
      15              0             112  
      16              0             127  
      17              0             144  
      18              0             161  
      19              0             180  
      20              0             199  
      21              0             220  
      22              0             241  
      23              0             264  
      24              0             287  
      25              0             312  
      26              0             337  
      27              0             364  
      28              0             391  
      29              0             420  
      30              0             449  
      31              0             480  
      32              0             511  
      33              0             544  
      34              0             577  
      35              0             612  
      36              0             647  
      37              0             684  
      38              0             721  
      39              0             760  
      40              0             799  
      41              0             840  
      42              0             881  
      43              0             924  
      44              0             967  
      45              0            1012  
      46              0            1057  
      47              0            1104  
      48              0            1151  
      49              0            1200  
      50              0            1249  
      51              0            1300  
      52              0            1351  
      53              0            1404  
      54              0            1457  
      55              0            1512  
      56              0            1567  
      57              0            1624  
      58              0            1681  
      59              0            1740  
      60              0            1799  
      61              0            1860  
      62              0            1921  
      63              0            1984  
      64              0            2047  
      65              0            2112  
      66              0            2177  
      67              0            2244  
      68              0            2311  
      69              0            2380  
      70              0            2449  
      71              0            2520  
      72              0            2591  
      73              0            2664  
      74              0            2737  
      75              0            2812  
      76              0            2887  
      77              0            2964  
      78              0            3041  
      79              0            3120  
      80              0            3199  
      81              0            3280  
      82              0            3361  
      83              0            3444  
      84              0            3527  
      85              0            3612  
      86              0            3697  
      87              0            3784  
      88              0            3871  
      89              0            3960  
      90              0            4049  
      91              0            4140  
      92              0            4231  
      93              0            4324  
      94              0            4417  
      95              0            4512  
      96              0            4607  
      97              0            4704  
      98              0            4801  
      99              0            4900  
     100              0            4999  
     101              0            5100  
     102              0            5201  
     103              0            5304  
     104              0            5407  
     105              0            5512  
     106              0            5617  
     107              0            5724  
     108              0            5831  
     109              0            5940  
     110              0            6049  
     111              0            6160  
     112              0            6271  
     113              0            6384  
     114              0            6497  
     115              0            6612  
     116              0            6727  
     117              0            6844  
     118              0            6961  
     119              0            7080  
     120              0            7199  
     121              0            7320  
     122              0            7441  
     123              0            7564  
     124              0            7687  
     125              0            7812  
     126              0            7937  
     127              0            8064  
     128              0            8191  
     129              0            8320  
     130              0            8449  
     131              0            8580  
     132              0            8711  
     133              0            8844  
     134              0            8977  
     135              0            9112  
     136              0            9247  
     137              0            9384  
     138              0            9521  
     139              0            9660  
     140              0            9799  
     141              0            9940  
     142              0           10081  
     143              0           10224  
     144              0           10367  
     145              0           10512  
     146              0           10657  
     147              0           10804  
     148              0           10951  
     149              0           11100  
     150              0           11249  
     151              0           11400  
     152              0           11551  
     153              0           11704  
     154              0           11857  
     155              0           12012  
     156              0           12167  
     157              0           12324  
     158              0           12481  
     159              0           12640  
     160              0           12799  
     161              0           12960  
     162              0           13121  
     163              0           13284  
     164              0           13447  
     165              0           13612  
     166              0           13777  
     167              0           13944  
     168              0           14111  
     169              0           14280  
     170              0           14449  
     171              0           14620  
     172              0           14791  
     173              0           14964  
     174              0           15137  
     175              0           15312  
     176              0           15487  
     177              0           15664  
     178              0           15841  
     179              0           16020  
     180              0           16199  
     181              0           16380  
     182              0           16561  
     183              0           16744  
     184              0           16927  
     185              0           17112  
     186              0           17297  
     187              0           17484  
     188              0           17671  
     189              0           17860  
     190              0           18049  
     191              0           18240  
     192              0           18431  
     193              0           18624  
     194              0           18817  
     195              0           19012  
     196              0           19207  
     197              0           19404  
     198              0           19601  
     199              0           19800  
     200              0           19999  
     201              0           20200  
     202              0           20401  
     203              0           20604  
     204              0           20807  
     205              0           21012  
     206              0           21217  
     207              0           21424  
     208              0           21631  
     209              0           21840  
     210              0           22049  
     211              0           22260  
     212              0           22471  
     213              0           22684  
     214              0           22897  
     215              0           23112  
     216              0           23327  
     217              0           23544  
     218              0           23761  
     219              0           23980  
     220              0           24199  
     221              0           24420  
     222              0           24641  
     223              0           24864  
     224              0           25087  
     225              0           25312  
     226              0           25537  
     227              0           25764  
     228              0           25991  
     229              0           26220  
     230              0           26449  
     231              0           26680  
     232              0           26911  
     233              0           27144  
     234              0           27377  
     235              0           27612  
     236              0           27847  
     237              0           28084  
     238              0           28321  
     239              0           28560  
     240              0           28799  
     241              0           29040  
     242              0           29281  
     243              0           29524  
     244              0           29767  
     245              0           30012  
     246              0           30257  
     247              0           30504  
     248              0           30751  
     249              0           31000  
     250              0           31249  
     251              0           31500  
     252              0           31751  
     253              0           32004  
     254              0           32257  
     255              0           32512  
     256              0           32767  
     257              0           33024  
     258              0           33281  
     259              0           33540  
     260              0           33799  
     261              0           34060  
     262              0           34321  
     263              0           34584  
     264              0           34847  
     265              0           35112  
     266              0           35377  
     267              0           35644  
     268              0           35911  
     269              0           36180  
     270              0           36449  
     271              0           36720  
     272              0           36991  
     273              0           37264  
     274              0           37537  
     275              0           37812  
     276              0           38087  
     277              0           38364  
     278              0           38641  
     279              0           38920  
     280              0           39199  
     281              0           39480  
     282              0           39761  
     283              0           40044  
     284              0           40327  
     285              0           40612  
     286              0           40897  
     287              0           41184  
     288              0           41471  
     289              0           41760  
     290              0           42049  
     291              0           42340  
     292              0           42631  
     293              0           42924  
     294              0           43217  
     295              0           43512  
     296              0           43807  
     297              0           44104  
     298              0           44401  
     299              0           44700  
     300              0           44999  
     301              0           45300  
     302              0           45601  
     303              0           45904  
     304              0           46207  
     305              0           46512  
     306              0           46817  
     307              0           47124  
     308              0           47431  
     309              0           47740  
     310              0           48049  
     311              0           48360  
     312              0           48671  
     313              0           48984  
     314              0           49297  
     315              0           49612  
     316              0           49927  
     317              0           50244  
     318              0           50561  
     319              0           50880  
     320              0           51199  
     321              0           51520  
     322              0           51841  
     323              0           52164  
     324              0           52487  
     325              0           52812  
     326              0           53137  
     327              0           53464  
     328              0           53791  
     329              0           54120  
     330              0           54449  
     331              0           54780  
     332              0           55111  
     333              0           55444  
     334              0           55777  
     335              0           56112  
     336              0           56447  
     337              0           56784  
     338              0           57121  
     339              0           57460  
     340              0           57799  
     341              0           58140  
     342              0           58481  
     343              0           58824  
     344              0           59167  
     345              0           59512  
     346              0           59857  
     347              0           60204  
     348              0           60551  
     349              0           60900  
     350              0           61249  
     351              0           61600  
     352              0           61951  
     353              0           62304  
     354              0           62657  
     355              0           63012  
     356              0           63367  
     357              0           63724  
     358              0           64081  
     359              0           64440  
     360              0           64799  
     361              0           65160  
     362              0           65521  
     363              0           65884  
     364              0           66247  
     365              0           66612  
     366              0           66977  
     367              0           67344  
     368              0           67711  
     369              0           68080  
     370              0           68449  
     371              0           68820  
     372              0           69191  
     373              0           69564  
     374              0           69937  
     375              0           70312  
     376              0           70687  
     377              0           71064  
     378              0           71441  
     379              0           71820  
     380              0           72199  
     381              0           72580  
     382              0           72961  
     383              0           73344  
     384              0           73727  
     385              0           74112  
     386              0           74497  
     387              0           74884  
     388              0           75271  
     389              0           75660  
     390              0           76049  
     391              0           76440  
     392              0           76831  
     393              0           77224  
     394              0           77617  
     395              0           78012  
     396              0           78407  
     397              0           78804  
     398              0           79201  
     399              0           79600  
     400              0           79999  
     401              0           80400  
     402              0           80801  
     403              0           81204  
     404              0           81607  
     405              0           82012  
     406              0           82417  
     407              0           82824  
     408              0           83231  
     409              0           83640  
     410              0           84049  
     411              0           84460  
     412              0           84871  
     413              0           85284  
     414              0           85697  
     415              0           86112  
     416              0           86527  
     417              0           86944  
     418              0           87361  
     419              0           87780  
     420              0           88199  
     421              0           88620  
     422              0           89041  
     423              0           89464  
     424              0           89887  
     425              0           90312  
     426              0           90737  
     427              0           91164  
     428              0           91591  
     429              0           92020  
     430              0           92449  
     431              0           92880  
     432              0           93311  
     433              0           93744  
     434              0           94177  
     435              0           94612  
     436              0           95047  
     437              0           95484  
     438              0           95921  
     439              0           96360  
     440              0           96799  
     441              0           97240  
     442              0           97681  
     443              0           98124  
     444              0           98567  
     445              0           99012  
     446              0           99457  
     447              0           99904  
     448              0          100351  
     449              0          100800  
     450              0          101249  
     451              0          101700  
     452              0          102151  
     453              0          102604  
     454              0          103057  
     455              0          103512  
     456              0          103967  
     457              0          104424  
     458              0          104881  
     459              0          105340  
     460              0          105799  
     461              0          106260  
     462              0          106721  
     463              0          107184  
     464              0          107647  
     465              0          108112  
     466              0          108577  
     467              0          109044  
     468              0          109511  
     469              0          109980  
     470              0          110449  
     471              0          110920  
     472              0          111391  
     473              0          111864  
     474              0          112337  
     475              0          112812  
     476              0          113287  
     477              0          113764  
     478              0          114241  
     479              0          114720  
     480              0          115199  
     481              0          115680  
     482              0          116161  
     483              0          116644  
     484              0          117127  
     485              0          117612  
     486              0          118097  
     487              0          118584  
     488              0          119071  
     489              0          119560  
     490              0          120049  
     491              0          120540  
     492              0          121031  
     493              0          121524  
     494              0          122017  
     495              0          122512  
     496              0          123007  
     497              0          123504  
     498              0          124001  
     499              0          124500  
     500              0          124999  
     501              0          125500  
     502              0          126001  
     503              0          126504  
     504              0          127007  
     505              0          127512  
     506              0          128017  
     507              0          128524  
     508              0          129031  
     509              0          129540  
     510              0          130049  
     511              0          130560  
     512              0          131071  
#+ -------+--------------+--------------+--------------+--------------+--------------+--------------+
