#--------------+
#  TRI FUSION  |
#--------------+
#
#+--------+-----------------------------+
#|        |           aleatoire           |
#| Taille | Opérations     Comparaisons |
#+ -------+--------------+--------------+
       1              0               0  
       2              2               1  
       3              5               3  
       4              8               4  
       5             12               8  
       6             16              10  
       7             20              14  
       8             24              16  
       9             29              19  
      10             34              24  
      11             39              27  
      12             44              30  
      13             49              34  
      14             54              40  
      15             59              41  
      16             64              43  
      17             70              50  
      18             76              54  
      19             82              60  
      20             88              63  
      21             94              69  
      22            100              76  
      23            106              76  
      24            112              78  
      25            118              88  
      26            124              91  
      27            130              97  
      28            136             106  
      29            142             103  
      30            148             112  
      31            154             117  
      32            160             120  
      33            167             125  
      34            174             131  
      35            181             135  
      36            188             147  
      37            195             146  
      38            202             159  
      39            209             160  
      40            216             162  
      41            223             171  
      42            230             174  
      43            237             188  
      44            244             190  
      45            251             185  
      46            258             200  
      47            265             203  
      48            272             214  
      49            279             217  
      50            286             229  
      51            293             227  
      52            300             232  
      53            307             245  
      54            314             238  
      55            321             249  
      56            328             255  
      57            335             258  
      58            342             270  
      59            349             275  
      60            356             284  
      61            363             294  
      62            370             291  
      63            377             294  
      64            384             313  
      65            392             317  
      66            400             320  
      67            408             315  
      68            416             328  
      69            424             333  
      70            432             346  
      71            440             347  
      72            448             360  
      73            456             360  
      74            464             367  
      75            472             366  
      76            480             385  
      77            488             398  
      78            496             399  
      79            504             401  
      80            512             406  
      81            520             413  
      82            528             419  
      83            536             428  
      84            544             437  
      85            552             446  
      86            560             439  
      87            568             459  
      88            576             467  
      89            584             476  
      90            592             473  
      91            600             474  
      92            608             492  
      93            616             494  
      94            624             508  
      95            632             503  
      96            640             512  
      97            648             506  
      98            656             530  
      99            664             536  
     100            672             542  
     101            680             556  
     102            688             545  
     103            696             558  
     104            704             563  
     105            712             565  
     106            720             578  
     107            728             599  
     108            736             599  
     109            744             606  
     110            752             607  
     111            760             611  
     112            768             619  
     113            776             626  
     114            784             638  
     115            792             651  
     116            800             653  
     117            808             653  
     118            816             672  
     119            824             668  
     120            832             675  
     121            840             690  
     122            848             692  
     123            856             694  
     124            864             713  
     125            872             718  
     126            880             724  
     127            888             737  
     128            896             733  
     129            905             747  
     130            914             752  
     131            923             756  
     132            932             763  
     133            941             772  
     134            950             783  
     135            959             793  
     136            968             794  
     137            977             808  
     138            986             810  
     139            995             804  
     140           1004             830  
     141           1013             828  
     142           1022             833  
     143           1031             852  
     144           1040             863  
     145           1049             858  
     146           1058             852  
     147           1067             870  
     148           1076             906  
     149           1085             896  
     150           1094             902  
     151           1103             898  
     152           1112             907  
     153           1121             917  
     154           1130             925  
     155           1139             941  
     156           1148             945  
     157           1157             942  
     158           1166             966  
     159           1175             980  
     160           1184             960  
     161           1193             985  
     162           1202             988  
     163           1211             988  
     164           1220            1013  
     165           1229            1014  
     166           1238            1027  
     167           1247            1032  
     168           1256            1028  
     169           1265            1046  
     170           1274            1060  
     171           1283            1048  
     172           1292            1068  
     173           1301            1068  
     174           1310            1072  
     175           1319            1089  
     176           1328            1082  
     177           1337            1101  
     178           1346            1114  
     179           1355            1108  
     180           1364            1127  
     181           1373            1126  
     182           1382            1149  
     183           1391            1148  
     184           1400            1170  
     185           1409            1167  
     186           1418            1179  
     187           1427            1184  
     188           1436            1178  
     189           1445            1188  
     190           1454            1214  
     191           1463            1222  
     192           1472            1225  
     193           1481            1232  
     194           1490            1236  
     195           1499            1255  
     196           1508            1247  
     197           1517            1261  
     198           1526            1268  
     199           1535            1277  
     200           1544            1278  
     201           1553            1299  
     202           1562            1292  
     203           1571            1284  
     204           1580            1307  
     205           1589            1319  
     206           1598            1328  
     207           1607            1340  
     208           1616            1343  
     209           1625            1344  
     210           1634            1363  
     211           1643            1366  
     212           1652            1372  
     213           1661            1369  
     214           1670            1397  
     215           1679            1382  
     216           1688            1408  
     217           1697            1414  
     218           1706            1415  
     219           1715            1429  
     220           1724            1439  
     221           1733            1444  
     222           1742            1433  
     223           1751            1458  
     224           1760            1477  
     225           1769            1482  
     226           1778            1482  
     227           1787            1505  
     228           1796            1507  
     229           1805            1503  
     230           1814            1517  
     231           1823            1525  
     232           1832            1546  
     233           1841            1535  
     234           1850            1563  
     235           1859            1560  
     236           1868            1580  
     237           1877            1555  
     238           1886            1575  
     239           1895            1585  
     240           1904            1597  
     241           1913            1599  
     242           1922            1614  
     243           1931            1615  
     244           1940            1645  
     245           1949            1614  
     246           1958            1636  
     247           1967            1655  
     248           1976            1669  
     249           1985            1657  
     250           1994            1682  
     251           2003            1668  
     252           2012            1689  
     253           2021            1690  
     254           2030            1715  
     255           2039            1709  
     256           2048            1724  
     257           2058            1737  
     258           2068            1745  
     259           2078            1747  
     260           2088            1753  
     261           2098            1776  
     262           2108            1775  
     263           2118            1793  
     264           2128            1784  
     265           2138            1805  
     266           2148            1817  
     267           2158            1825  
     268           2168            1833  
     269           2178            1842  
     270           2188            1854  
     271           2198            1856  
     272           2208            1847  
     273           2218            1868  
     274           2228            1856  
     275           2238            1871  
     276           2248            1899  
     277           2258            1903  
     278           2268            1910  
     279           2278            1906  
     280           2288            1938  
     281           2298            1941  
     282           2308            1939  
     283           2318            1971  
     284           2328            1954  
     285           2338            1974  
     286           2348            1996  
     287           2358            2018  
     288           2368            2002  
     289           2378            1983  
     290           2388            2012  
     291           2398            2000  
     292           2408            2030  
     293           2418            2047  
     294           2428            2043  
     295           2438            2049  
     296           2448            2064  
     297           2458            2070  
     298           2468            2097  
     299           2478            2100  
     300           2488            2095  
     301           2498            2109  
     302           2508            2113  
     303           2518            2122  
     304           2528            2127  
     305           2538            2154  
     306           2548            2135  
     307           2558            2154  
     308           2568            2170  
     309           2578            2180  
     310           2588            2178  
     311           2598            2192  
     312           2608            2193  
     313           2618            2207  
     314           2628            2206  
     315           2638            2214  
     316           2648            2236  
     317           2658            2240  
     318           2668            2241  
     319           2678            2261  
     320           2688            2262  
     321           2698            2280  
     322           2708            2305  
     323           2718            2287  
     324           2728            2276  
     325           2738            2306  
     326           2748            2312  
     327           2758            2313  
     328           2768            2327  
     329           2778            2340  
     330           2788            2334  
     331           2798            2367  
     332           2808            2374  
     333           2818            2387  
     334           2828            2398  
     335           2838            2380  
     336           2848            2394  
     337           2858            2413  
     338           2868            2413  
     339           2878            2434  
     340           2888            2435  
     341           2898            2445  
     342           2908            2459  
     343           2918            2475  
     344           2928            2453  
     345           2938            2470  
     346           2948            2484  
     347           2958            2504  
     348           2968            2520  
     349           2978            2522  
     350           2988            2535  
     351           2998            2545  
     352           3008            2536  
     353           3018            2527  
     354           3028            2566  
     355           3038            2570  
     356           3048            2585  
     357           3058            2577  
     358           3068            2600  
     359           3078            2592  
     360           3088            2621  
     361           3098            2606  
     362           3108            2612  
     363           3118            2634  
     364           3128            2643  
     365           3138            2645  
     366           3148            2673  
     367           3158            2669  
     368           3168            2676  
     369           3178            2685  
     370           3188            2712  
     371           3198            2717  
     372           3208            2725  
     373           3218            2733  
     374           3228            2723  
     375           3238            2745  
     376           3248            2758  
     377           3258            2755  
     378           3268            2764  
     379           3278            2775  
     380           3288            2769  
     381           3298            2787  
     382           3308            2804  
     383           3318            2816  
     384           3328            2848  
     385           3338            2840  
     386           3348            2819  
     387           3358            2853  
     388           3368            2854  
     389           3378            2866  
     390           3388            2870  
     391           3398            2871  
     392           3408            2900  
     393           3418            2913  
     394           3428            2898  
     395           3438            2910  
     396           3448            2943  
     397           3458            2946  
     398           3468            2959  
     399           3478            2971  
     400           3488            2964  
     401           3498            2956  
     402           3508            2963  
     403           3518            2984  
     404           3528            2982  
     405           3538            2996  
     406           3548            3008  
     407           3558            3003  
     408           3568            3044  
     409           3578            3059  
     410           3588            3031  
     411           3598            3082  
     412           3608            3083  
     413           3618            3092  
     414           3628            3093  
     415           3638            3088  
     416           3648            3099  
     417           3658            3120  
     418           3668            3133  
     419           3678            3124  
     420           3688            3099  
     421           3698            3162  
     422           3708            3168  
     423           3718            3181  
     424           3728            3184  
     425           3738            3188  
     426           3748            3182  
     427           3758            3199  
     428           3768            3225  
     429           3778            3237  
     430           3788            3231  
     431           3798            3237  
     432           3808            3265  
     433           3818            3254  
     434           3828            3267  
     435           3838            3278  
     436           3848            3272  
     437           3858            3308  
     438           3868            3317  
     439           3878            3319  
     440           3888            3315  
     441           3898            3337  
     442           3908            3327  
     443           3918            3337  
     444           3928            3375  
     445           3938            3360  
     446           3948            3382  
     447           3958            3390  
     448           3968            3388  
     449           3978            3402  
     450           3988            3398  
     451           3998            3398  
     452           4008            3429  
     453           4018            3430  
     454           4028            3432  
     455           4038            3441  
     456           4048            3481  
     457           4058            3463  
     458           4068            3463  
     459           4078            3467  
     460           4088            3481  
     461           4098            3496  
     462           4108            3516  
     463           4118            3527  
     464           4128            3526  
     465           4138            3547  
     466           4148            3560  
     467           4158            3565  
     468           4168            3578  
     469           4178            3568  
     470           4188            3599  
     471           4198            3606  
     472           4208            3601  
     473           4218            3603  
     474           4228            3615  
     475           4238            3621  
     476           4248            3658  
     477           4258            3650  
     478           4268            3677  
     479           4278            3666  
     480           4288            3691  
     481           4298            3665  
     482           4308            3685  
     483           4318            3713  
     484           4328            3721  
     485           4338            3715  
     486           4348            3735  
     487           4358            3750  
     488           4368            3746  
     489           4378            3755  
     490           4388            3767  
     491           4398            3783  
     492           4408            3761  
     493           4418            3757  
     494           4428            3804  
     495           4438            3796  
     496           4448            3839  
     497           4458            3823  
     498           4468            3829  
     499           4478            3837  
     500           4488            3850  
     501           4498            3849  
     502           4508            3860  
     503           4518            3865  
     504           4528            3909  
     505           4538            3911  
     506           4548            3910  
     507           4558            3941  
     508           4568            3920  
     509           4578            3946  
     510           4588            3941  
     511           4598            3962  
     512           4608            3963  
#+ -------+--------------+--------------+--------------+--------------+--------------+--------------+
